0 0.24609375 0.20703125 0.3859375 0.3234375
0 0.80234375 0.23984375 0.3953125 0.2578125
0 0.290625 0.9125 0.24375 0.175
0 0.315625 0.69765625 0.2046875 0.1328125
0 0.09765625 0.68515625 0.1953125 0.1546875
0 0.21171875 0.44453125 0.4234375 0.1515625
0 0.953125 0.4828125 0.09375 0.153125
0 0.97265625 0.72265625 0.0546875 0.1296875
0 0.9765625 0.93203125 0.046875 0.1359375
0 0.796875 0.46640625 0.190625 0.153125
0 0.78203125 0.6953125 0.2203125 0.140625
0 0.809375 0.9328125 0.1375 0.134375
0 0.57890625 0.45390625 0.175 0.140625
0 0.575 0.6671875 0.11875 0.15
0 0.578125 0.909375 0.21875 0.16875