0 0.18515625 0.140625 0.3703125 0.28125
0 0.9203125 0.5328125 0.10625 0.034375
0 0.93984375 0.41796875 0.115625 0.075
0 0.93671875 0.30078125 0.09375 0.0875
0 0.940625 0.1609375 0.115625 0.084375
0 0.9515625 0.0375 0.096875 0.075
0 0.7796875 0.03203125 0.178125 0.0640625
0 0.64765625 0.234375 0.3953125 0.203125
0 0.73828125 0.49765625 0.1984375 0.1046875
0 0.534375 0.48671875 0.16875 0.1265625
0 0.51484375 0.034375 0.1296875 0.06875
0 0.15 0.70078125 0.3 0.3015625
0 0.19609375 0.9515625 0.3921875 0.096875
0 0.6046875 0.86640625 0.309375 0.2671875