0 0.19453125 0.2078125 0.3890625 0.415625
0 0.63359375 0.14765625 0.203125 0.203125
0 0.20234375 0.69921875 0.3734375 0.4796875
0 0.49765625 0.515625 0.0984375 0.1125
0 0.596875 0.5234375 0.08125 0.128125
0 0.86015625 0.521875 0.075 0.121875
0 0.74140625 0.52109375 0.08125 0.103125
0 0.97109375 0.515625 0.0578125 0.096875
0 0.9625 0.640625 0.075 0.1125
0 0.84296875 0.64453125 0.09375 0.0765625
0 0.728125 0.63359375 0.06875 0.109375
0 0.6015625 0.6375 0.08125 0.0625
0 0.45078125 0.7015625 0.1234375 0.18125
0 0.44921875 0.9125 0.1203125 0.175
0 0.5921875 0.76171875 0.0859375 0.109375
0 0.73203125 0.77109375 0.078125 0.1046875
0 0.8390625 0.7703125 0.075 0.1125
0 0.96171875 0.7828125 0.0765625 0.0875
0 0.66328125 0.92421875 0.2015625 0.1515625
0 0.92265625 0.9296875 0.1546875 0.140625