0 0.209375 0.41328125 0.41875 0.6109375
0 0.4984375 0.69296875 0.0875 0.0515625
0 0.5390625 0.6 0.221875 0.096875
0 0.54609375 0.48515625 0.23125 0.0984375
0 0.60859375 0.38515625 0.1375 0.08125
0 0.4890625 0.23671875 0.1375 0.078125
0 0.6109375 0.12265625 0.121875 0.075
0 0.61015625 0.24140625 0.103125 0.08125
0 0.6046875 0.01953125 0.096875 0.0390625
0 0.7296875 0.02890625 0.1125 0.0578125
0 0.73359375 0.13984375 0.0765625 0.09375
0 0.72265625 0.2546875 0.109375 0.06875
0 0.7265625 0.38125 0.0625 0.08125
0 0.79140625 0.5515625 0.18125 0.1625
0 0.95703125 0.540625 0.0859375 0.1375
0 0.85078125 0.390625 0.109375 0.0859375
0 0.86015625 0.25078125 0.1046875 0.078125
0 0.859375 0.14375 0.1125 0.075
0 0.871875 0.02890625 0.0875 0.0578125
0 0.97421875 0.06796875 0.0515625 0.1359375
0 0.340625 0.78203125 0.15625 0.1265625
0 0.59296875 0.859375 0.3484375 0.28125
0 0.88046875 0.9421875 0.2390625 0.115625
0 0.83203125 0.859375 0.3359375 0.28125