0 0.11015625 0.17421875 0.0765625 0.1296875
0 0.4328125 0.1484375 0.14140625 0.2421875
0 0.67734375 0.121875 0.14140625 0.19453125
0 0.8921875 0.140625 0.13203125 0.1984375
0 0.12265625 0.38515625 0.15703125 0.24453125
0 0.403125 0.37578125 0.146875 0.17734375
0 0.646875 0.3890625 0.14140625 0.22421875
0 0.8921875 0.3609375 0.146875 0.1375
0 0.12734375 0.60625 0.140625 0.1046875
0 0.38828125 0.5953125 0.12890625 0.1875
0 0.6140625 0.61015625 0.15 0.1359375
0 0.853125 0.609375 0.17734375 0.22109375
0 0.1125 0.83984375 0.159375 0.2015625