0 0.1359375 0.2078125 0.06953125 0.1328125
0 0.43359375 0.18828125 0.15234375 0.22421875
0 0.67265625 0.1625 0.12890625 0.19921875
0 0.88984375 0.165625 0.14921875 0.17890625
0 0.14140625 0.4234375 0.16484375 0.25234375
0 0.41640625 0.4109375 0.153125 0.19140625
0 0.6453125 0.42578125 0.14140625 0.2203125
0 0.89453125 0.39765625 0.15546875 0.13828125
0 0.146875 0.6359375 0.1484375 0.09453125
0 0.40390625 0.62890625 0.13984375 0.17421875
0 0.6171875 0.6328125 0.14921875 0.11875
0 0.859375 0.6296875 0.16953125 0.21796875
0 0.1328125 0.87421875 0.15546875 0.20703125
0 0.40078125 0.89375 0.15390625 0.17265625
0 0.61484375 0.875 0.1375 0.178125
0 0.88515625 0.90234375 0.15234375 0.16953125