0 0.24140625 0.39609375 0.1828125 0.0453125
0 0.18515625 0.32734375 0.2015625 0.1828125
0 0.3625 0.35390625 0.175 0.1296875
0 0.759375 0.1859375 0.48125 0.371875
0 0.32890625 0.72109375 0.2421875 0.5578125
0 0.503125 0.9359375 0.10625 0.128125
0 0.6765625 0.93671875 0.175 0.1265625
0 0.52578125 0.7921875 0.109375 0.0859375
0 0.53515625 0.65234375 0.1046875 0.078125
0 0.534375 0.5453125 0.1125 0.075
0 0.546875 0.4390625 0.0875 0.040625
0 0.93359375 0.9390625 0.1328125 0.121875
0 0.80625 0.71953125 0.3875 0.2015625
0 0.728125 0.478125 0.209375 0.11875
0 0.91875 0.47578125 0.1625 0.1140625