0 0.090625 0.15625 0.05625 0.14453125
0 0.4109375 0.12421875 0.16015625 0.23125
0 0.6859375 0.103125 0.1375 0.20625
0 0.91484375 0.10625 0.146875 0.19921875
0 0.9046875 0.3625 0.1765625 0.15
0 0.88046875 0.609375 0.190625 0.21640625
0 0.9078125 0.89375 0.1828125 0.18046875
0 0.60703125 0.86171875 0.14765625 0.19921875
0 0.6125 0.609375 0.1609375 0.12890625
0 0.6578125 0.3828125 0.1703125 0.20234375
0 0.4 0.36953125 0.14296875 0.2
0 0.0921875 0.37578125 0.16796875 0.24609375
0 0.1078125 0.60625 0.15 0.1203125
0 0.38359375 0.59921875 0.1625 0.17734375
0 0.3796875 0.87421875 0.16796875 0.1328125
0 0.09296875 0.86328125 0.16015625 0.21328125