0 0.05546875 0.0765625 0.075 0.11640625
0 0.20546875 0.07734375 0.0890625 0.10859375
0 0.065625 0.21015625 0.08515625 0.1234375
0 0.20859375 0.1921875 0.07890625 0.10703125
0 0.32890625 0.12578125 0.1046875 0.2296875
0 0.45078125 0.12734375 0.103125 0.22890625
0 0.5453125 0.078125 0.04375 0.0796875
0 0.546875 0.19609375 0.084375 0.13515625
0 0.70703125 0.0671875 0.08359375 0.128125
0 0.83828125 0.05625 0.07421875 0.1109375
0 0.95703125 0.06015625 0.0734375 0.09921875
0 0.70390625 0.18828125 0.08046875 0.1
0 0.8265625 0.19296875 0.0734375 0.12421875
0 0.95390625 0.18515625 0.075 0.0734375
0 0.55234375 0.3125 0.08046875 0.07265625
0 0.69140625 0.31171875 0.07734375 0.1046875
0 0.803125 0.31640625 0.08984375 0.075
0 0.94296875 0.31484375 0.08671875 0.121875
0 0.953125 0.4671875 0.09375 0.10625
0 0.80859375 0.44765625 0.07421875 0.11640625
0 0.69140625 0.45078125 0.08671875 0.09296875
0 0.5515625 0.446875 0.08515625 0.11484375
0 0.38203125 0.38671875 0.16953125 0.1953125
0 0.1328125 0.38046875 0.13203125 0.21796875
0 0.1171875 0.61171875 0.14296875 0.11875
0 0.3828125 0.60703125 0.1453125 0.17890625
0 0.62578125 0.76953125 0.20390625 0.4546875
0 0.9015625 0.64921875 0.12890625 0.1984375
0 0.89140625 0.87734375 0.153125 0.21875
0 0.378125 0.8859375 0.1625 0.15546875
0 0.1015625 0.8625 0.1671875 0.19453125