0 0.025 0.115625 0.05 0.171875
0 0.26484375 0.1296875 0.1703125 0.16875
0 0.42421875 0.1859375 0.1515625 0.246875
0 0.27109375 0.27734375 0.1390625 0.0640625
0 0.7265625 0.1546875 0.453125 0.309375
0 0.190625 0.33203125 0.196875 0.0453125
0 0.17421875 0.4796875 0.175 0.1765625
0 0.403125 0.49453125 0.18125 0.18125
0 0.16171875 0.69765625 0.140625 0.175
0 0.375 0.7015625 0.15 0.11875
0 0.1578125 0.93828125 0.153125 0.1234375
0 0.371875 0.92734375 0.1375 0.1453125
0 0.8234375 0.64375 0.353125 0.625