0 0.0796875 0.08359375 0.0640625 0.12265625
0 0.22578125 0.0875 0.0953125 0.0875
0 0.340625 0.128125 0.096875 0.22265625
0 0.45546875 0.13515625 0.0984375 0.23046875
0 0.55546875 0.19765625 0.08046875 0.13671875
0 0.70390625 0.078125 0.07890625 0.13828125
0 0.81796875 0.2 0.07421875 0.12109375
0 0.69921875 0.19921875 0.08125 0.10234375
0 0.93515625 0.19453125 0.06875 0.09765625
0 0.9296875 0.31875 0.09296875 0.11171875
0 0.80078125 0.32265625 0.09375 0.0765625
0 0.6859375 0.31171875 0.06796875 0.10859375
0 0.559375 0.315625 0.08203125 0.06171875
0 0.3890625 0.38046875 0.1625 0.18125
0 0.1515625 0.38515625 0.125 0.2328125
0 0.14296875 0.609375 0.15078125 0.115625
0 0.39921875 0.59140625 0.13828125 0.17578125
0 0.55 0.43984375 0.0859375 0.10859375
0 0.68984375 0.44921875 0.078125 0.1046875
0 0.796875 0.4484375 0.075 0.11328125
0 0.93671875 0.46171875 0.11015625 0.08671875
0 0.12734375 0.85234375 0.14765625 0.22109375
0 0.384375 0.8671875 0.16015625 0.1703125
0 0.621875 0.7609375 0.2015625 0.4671875
0 0.88359375 0.64296875 0.15859375 0.20859375
0 0.8828125 0.86484375 0.14765625 0.225